cadence,x,y
,1,1
91332,1,1
91333,1,1
91334,1,1
91335,1,1
91336,1,1
91337,1,1
91338,1,1
91339,1,1
91340,1,1
91341,1,1
91342,1,1
91343,1,1
91344,1,1
91345,1,1
91346,1,1
91347,1,1
91348,1,1
91349,1,1
91350,1,1
91351,1,1
91352,1,1
91353,1,1
91354,1,1
91355,1,1
91356,1,1
91357,1,1
91358,1,1
91359,1,1
91360,1,1
91361,1,1
91362,1,1
91363,1,1
91364,1,1
91365,1,1
91366,1,1
91367,1,1
91368,1,1
91369,1,1
91370,1,1
91371,1,1
91372,1,1
91373,1,1
91374,1,1
91375,1,1
91376,1,1
91377,1,1
91378,1,1
91379,1,1
91380,1,1
91381,1,1
91382,1,1
91383,1,1
91384,1,1
91385,1,1
91386,1,1
91387,1,1
91388,1,1
91389,1,1
91390,1,1
91391,1,1
91392,1,1
91393,1,1
91394,1,1
91395,1,1
91396,1,1
91397,1,1
91398,1,1
91399,1,1
91400,1,1
91401,1,1
91402,1,1
91403,1,1
91404,1,1
91405,1,1
91406,1,1
91407,1,1
91408,1,1
91409,1,1
91410,1,1
91411,1,1
91412,1,1
91413,1,1
91414,1,1
91415,1,1
91416,1,1
91417,1,1
91418,1,1
91419,1,1
91420,1,1
91421,1,1
91422,1,1
91423,1,1
91424,1,1
91425,1,1
91426,1,1
91427,1,1
91428,1,1
91429,1,1
91430,1,1
91431,1,1
91432,1,1
91433,1,1
91434,1,1
91435,1,1
91436,1,1
91437,1,1
91438,1,1
91439,1,1
91440,1,1
91441,1,1
91442,1,1
91443,1,1
91444,1,1
91445,1,1
91446,1,1
91447,1,1
91448,1,1
91449,1,1
91450,1,1
91451,1,1
91452,1,1
91453,1,1
91454,1,1
91455,1,1
91456,1,1
91457,1,1
91458,1,1
91459,1,1
91460,1,1
91461,1,1
91462,1,1
91463,1,1
91464,1,1
91465,1,1
91466,1,1
91467,1,1
91468,1,1
91469,1,1
91470,1,1
91471,1,1
91472,1,1
91473,1,1
91474,1,1
91475,1,1
91476,1,1
91477,1,1
91478,1,1
91479,1,1
91480,1,1
91481,1,1
91482,1,1
91483,1,1
91484,1,1
91485,1,1
91486,1,1
91487,1,1
91488,1,1
91489,1,1
91490,1,1
91491,1,1
91492,1,1
91493,1,1
91494,1,1
91495,1,1
91496,1,1
91497,1,1
91498,1,1
91499,1,1
91500,1,1
91501,1,1
91502,1,1
91503,1,1
91504,1,1
91505,1,1
91506,1,1
91507,1,1
91508,1,1
91509,1,1
91510,1,1
91511,1,1
91512,1,1
91513,1,1
91514,1,1
91515,1,1
91516,1,1
91517,1,1
91518,1,1
91519,1,1
91520,1,1
91521,1,1
91522,1,1
91523,1,1
91524,1,1
91525,1,1
91526,1,1
91527,1,1
91528,1,1
91529,1,1
91530,1,1
91531,1,1
91532,1,1
91533,1,1
91534,1,1
91535,1,1
91536,1,1
91537,1,1
91538,1,1
91539,1,1
91540,1,1
91541,1,1
91542,1,1
91543,1,1
91544,1,1
91545,1,1
91546,1,1
91547,1,1
91548,1,1
91549,1,1
91550,1,1
91551,1,1
91552,1,1
91553,1,1
91554,1,1
91555,1,1
91556,1,1
91557,1,1
91558,1,1
91559,1,1
91560,1,1
91561,1,1
91562,1,1
91563,1,1
91564,1,1
91565,1,1
91566,1,1
91567,1,1
91568,1,1
91569,1,1
91570,1,1
91571,1,1
91572,1,1
91573,1,1
91574,1,1
91575,1,1
91576,1,1
91577,1,1
91578,1,1
91579,1,1
91580,1,1
91581,1,1
91582,1,1
91583,1,1
91584,1,1
91585,1,1
91586,1,1
91587,1,1
91588,1,1
91589,1,1
91590,1,1
91591,1,1
91592,1,1
91593,1,1
91594,1,1
91595,1,1
91596,1,1
91597,1,1
91598,1,1
91599,1,1
91600,1,1
91601,1,1
91602,1,1
91603,1,1
91604,1,1
91605,1,1
91606,1,1
91607,1,1
91608,1,1
91609,1,1
91610,1,1
91611,1,1
91612,1,1
91613,1,1
91614,1,1
91615,1,1
91616,1,1
91617,1,1
91618,1,1
91619,1,1
91620,1,1
91621,1,1
91622,1,1
91623,1,1
91624,1,1
91625,1,1
91626,1,1
91627,1,1
91628,1,1
91629,1,1
91630,1,1
91631,1,1
91632,1,1
91633,1,1
91634,1,1
91635,1,1
91636,1,1
91637,1,1
91638,1,1
91639,1,1
91640,1,1
91641,1,1
91642,1,1
91643,1,1
91644,1,1
91645,1,1
91646,1,1
91647,1,1
91648,1,1
91649,1,1
91650,1,1
91651,1,1
91652,1,1
91653,1,1
91654,1,1
91655,1,1
91656,1,1
91657,1,1
91658,1,1
91659,1,1
91660,1,1
91661,1,1
91662,1,1
91663,1,1
91664,1,1
91665,1,1
91666,1,1
91667,1,1
91668,1,1
91669,1,1
91670,1,1
91671,1,1
91672,1,1
91673,1,1
91674,1,1
91675,1,1
91676,1,1
91677,1,1
91678,1,1
91679,1,1
91680,1,1
91681,1,1
91682,1,1
91683,1,1
91684,1,1
91685,1,1
91686,1,1
91687,1,1
91688,1,1
91689,1,1
91690,1,1
91691,1,1
91692,1,1
91693,1,1
91694,1,1
91695,1,1
91696,1,1
91697,1,1
91698,1,1
91699,1,1
91700,1,1
91701,1,1
91702,1,1
91703,1,1
91704,1,1
91705,1,1
91706,1,1
91707,1,1
91708,1,1
91709,1,1
91710,1,1
91711,1,1
91712,1,1
91713,1,1
91714,1,1
91715,1,1
91716,1,1
91717,1,1
91718,1,1
91719,1,1
91720,1,1
91721,1,1
91722,1,1
91723,1,1
91724,1,1
91725,1,1
91726,1,1
91727,1,1
91728,1,1
91729,1,1
91730,1,1
91731,1,1
91732,1,1
91733,1,1
91734,1,1
91735,1,1
91736,1,1
91737,1,1
91738,1,1
91739,1,1
91740,1,1
91741,1,1
91742,1,1
91743,1,1
91744,1,1
91745,1,1
91746,1,1
91747,1,1
91748,1,1
91749,1,1
91750,1,1
91751,1,1
91752,1,1
91753,1,1
91754,1,1
91755,1,1
91756,1,1
91757,1,1
91758,1,1
91759,1,1
91760,1,1
91761,1,1
91762,1,1
91763,1,1
91764,1,1
91765,1,1
91766,1,1
91767,1,1
91768,1,1
91769,1,1
91770,1,1
91771,1,1
91772,1,1
91773,1,1
91774,1,1
91775,1,1
91776,1,1
91777,1,1
91778,1,1
91779,1,1
91780,1,1
91781,1,1
91782,1,1
91783,1,1
91784,1,1
91785,1,1
91786,1,1
91787,1,1
91788,1,1
91789,1,1
91790,1,1
91791,1,1
91792,1,1
91793,1,1
91794,1,1
91795,1,1
91796,1,1
91797,1,1
91798,1,1
91799,1,1
91800,1,1
91801,1,1
91802,1,1
91803,1,1
91804,1,1
91805,1,1
91806,1,1
91807,1,1
91808,1,1
91809,1,1
91810,1,1
91811,1,1
91812,1,1
91813,1,1
91814,1,1
91815,1,1
91816,1,1
91817,1,1
91818,1,1
91819,1,1
91820,1,1
91821,1,1
91822,1,1
91823,1,1
91824,1,1
91825,1,1
91826,1,1
91827,1,1
91828,1,1
91829,1,1
91830,1,1
91831,1,1
91832,1,1
91833,1,1
91834,1,1
91835,1,1
91836,1,1
91837,1,1
91838,1,1
91839,1,1
91840,1,1
91841,1,1
91842,1,1
91843,1,1
91844,1,1
91845,1,1
91846,1,1
91847,1,1
91848,1,1
91849,1,1
91850,1,1
91851,1,1
91852,1,1
91853,1,1
91854,1,1
91855,1,1
91856,1,1
91857,1,1
91858,1,1
91859,1,1
91860,1,1
91861,1,1
91862,1,1
91863,1,1
91864,1,1
91865,1,1
91866,1,1
91867,1,1
91868,1,1
91869,1,1
91870,1,1
91871,1,1
91872,1,1
91873,1,1
91874,1,1
91875,1,1
91876,1,1
91877,1,1
91878,1,1
91879,1,1
91880,1,1
91881,1,1
91882,1,1
91883,1,1
91884,1,1
91885,1,1
91886,1,1
91887,1,1
91888,1,1
91889,1,1
91890,1,1
91891,1,1
91892,1,1
91893,1,1
91894,1,1
91895,1,1
91896,1,1
91897,1,1
91898,1,1
91899,1,1
91900,1,1
91901,1,1
91902,1,1
91903,1,1
91904,1,1
91905,1,1
91906,1,1
91907,1,1
91908,1,1
91909,1,1
91910,1,1
91911,1,1
91912,1,1
91913,1,1
91914,1,1
91915,1,1
91916,1,1
91917,1,1
91918,1,1
91919,1,1
91920,1,1
91921,1,1
91922,1,1
91923,1,1
91924,1,1
91925,1,1
91926,1,1
91927,1,1
91928,1,1
91929,1,1
91930,1,1
91931,1,1
91932,1,1
91933,1,1
91934,1,1
91935,1,1
91936,1,1
91937,1,1
91938,1,1
91939,1,1
91940,1,1
91941,1,1
91942,1,1
91943,1,1
91944,1,1
91945,1,1
91946,1,1
91947,1,1
91948,1,1
91949,1,1
91950,1,1
91951,1,1
91952,1,1
91953,1,1
91954,1,1
91955,1,1
91956,1,1
91957,1,1
91958,1,1
91959,1,1
91960,1,1
91961,1,1
91962,1,1
91963,1,1
91964,1,1
91965,1,1
91966,1,1
91967,1,1
91968,1,1
91969,1,1
91970,1,1
91971,1,1
91972,1,1
91973,1,1
91974,1,1
91975,1,1
91976,1,1
91977,1,1
91978,1,1
91979,1,1
91980,1,1
91981,1,1
91982,1,1
91983,1,1
91984,1,1
91985,1,1
91986,1,1
91987,1,1
91988,1,1
91989,1,1
91990,1,1
91991,1,1
91992,1,1
91993,1,1
91994,1,1
91995,1,1
91996,1,1
91997,1,1
91998,1,1
91999,1,1
92000,1,1
92001,1,1
92002,1,1
92003,1,1
92004,1,1
92005,1,1
92006,1,1
92007,1,1
92008,1,1
92009,1,1
92010,1,1
92011,1,1
92012,1,1
92013,1,1
92014,1,1
92015,1,1
92016,1,1
92017,1,1
92018,1,1
92019,1,1
92020,1,1
92021,1,1
92022,1,1
92023,1,1
92024,1,1
92025,1,1
92026,1,1
92027,1,1
92028,1,1
92029,1,1
92030,1,1
92031,1,1
92032,1,1
92033,1,1
92034,1,1
92035,1,1
92036,1,1
92037,1,1
92038,1,1
92039,1,1
92040,1,1
92041,1,1
92042,1,1
92043,1,1
92044,1,1
92045,1,1
92046,1,1
92047,1,1
92048,1,1
92049,1,1
92050,1,1
92051,1,1
92052,1,1
92053,1,1
92054,1,1
92055,1,1
92056,1,1
92057,1,1
92058,1,1
92059,1,1
92060,1,1
92061,1,1
92062,1,1
92063,1,1
92064,1,1
92065,1,1
92066,1,1
92067,1,1
92068,1,1
92069,1,1
92070,1,1
92071,1,1
92072,1,1
92073,1,1
92074,1,1
92075,1,1
92076,1,1
92077,1,1
92078,1,1
92079,1,1
92080,1,1
92081,1,1
92082,1,1
92083,1,1
92084,1,1
92085,1,1
92086,1,1
92087,1,1
92088,1,1
92089,1,1
92090,1,1
92091,1,1
92092,1,1
92093,1,1
92094,1,1
92095,1,1
92096,1,1
92097,1,1
92098,1,1
92099,1,1
92100,1,1
92101,1,1
92102,1,1
92103,1,1
92104,1,1
92105,1,1
92106,1,1
92107,1,1
92108,1,1
92109,1,1
92110,1,1
92111,1,1
92112,1,1
92113,1,1
92114,1,1
92115,1,1
92116,1,1
92117,1,1
92118,1,1
92119,1,1
92120,1,1
92121,1,1
92122,1,1
92123,1,1
92124,1,1
92125,1,1
92126,1,1
92127,1,1
92128,1,1
92129,1,1
92130,1,1
92131,1,1
92132,1,1
92133,1,1
92134,1,1
92135,1,1
92136,1,1
92137,1,1
92138,1,1
92139,1,1
92140,1,1
92141,1,1
92142,1,1
92143,1,1
92144,1,1
92145,1,1
92146,1,1
92147,1,1
92148,1,1
92149,1,1
92150,1,1
92151,1,1
92152,1,1
92153,1,1
92154,1,1
92155,1,1
92156,1,1
92157,1,1
92158,1,1
92159,1,1
92160,1,1
92161,1,1
92162,1,1
92163,1,1
92164,1,1
92165,1,1
92166,1,1
92167,1,1
92168,1,1
92169,1,1
92170,1,1
92171,1,1
92172,1,1
92173,1,1
92174,1,1
92175,1,1
92176,1,1
92177,1,1
92178,1,1
92179,1,1
92180,1,1
92181,1,1
92182,1,1
92183,1,1
92184,1,1
92185,1,1
92186,1,1
92187,1,1
92188,1,1
92189,1,1
92190,1,1
92191,1,1
92192,1,1
92193,1,1
92194,1,1
92195,1,1
92196,1,1
92197,1,1
92198,1,1
92199,1,1
92200,1,1
92201,1,1
92202,1,1
92203,1,1
92204,1,1
92205,1,1
92206,1,1
92207,1,1
92208,1,1
92209,1,1
92210,1,1
92211,1,1
92212,1,1
92213,1,1
92214,1,1
92215,1,1
92216,1,1
92217,1,1
92218,1,1
92219,1,1
92220,1,1
92221,1,1
92222,1,1
92223,1,1
92224,1,1
92225,1,1
92226,1,1
92227,1,1
92228,1,1
92229,1,1
92230,1,1
92231,1,1
92232,1,1
92233,1,1
92234,1,1
92235,1,1
92236,1,1
92237,1,1
92238,1,1
92239,1,1
92240,1,1
92241,1,1
92242,1,1
92243,1,1
92244,1,1
92245,1,1
92246,1,1
92247,1,1
92248,1,1
92249,1,1
92250,1,1
92251,1,1
92252,1,1
92253,1,1
92254,1,1
92255,1,1
92256,1,1
92257,1,1
92258,1,1
92259,1,1
92260,1,1
92261,1,1
92262,1,1
92263,1,1
92264,1,1
92265,1,1
92266,1,1
92267,1,1
92268,1,1
92269,1,1
92270,1,1
92271,1,1
92272,1,1
92273,1,1
92274,1,1
92275,1,1
92276,1,1
92277,1,1
92278,1,1
92279,1,1
92280,1,1
92281,1,1
92282,1,1
92283,1,1
92284,1,1
92285,1,1
92286,1,1
92287,1,1
92288,1,1
92289,1,1
92290,1,1
92291,1,1
92292,1,1
92293,1,1
92294,1,1
92295,1,1
92296,1,1
92297,1,1
92298,1,1
92299,1,1
92300,1,1
92301,1,1
92302,1,1
92303,1,1
92304,1,1
92305,1,1
92306,1,1
92307,1,1
92308,1,1
92309,1,1
92310,1,1
92311,1,1
92312,1,1
92313,1,1
92314,1,1
92315,1,1
92316,1,1
92317,1,1
92318,1,1
92319,1,1
92320,1,1
92321,1,1
92322,1,1
92323,1,1
92324,1,1
92325,1,1
92326,1,1
92327,1,1
92328,1,1
92329,1,1
92330,1,1
92331,1,1
92332,1,1
92333,1,1
92334,1,1
92335,1,1
92336,1,1
92337,1,1
92338,1,1
92339,1,1
92340,1,1
92341,1,1
92342,1,1
92343,1,1
92344,1,1
92345,1,1
92346,1,1
92347,1,1
92348,1,1
92349,1,1
92350,1,1
92351,1,1
92352,1,1
92353,1,1
92354,1,1
92355,1,1
92356,1,1
92357,1,1
92358,1,1
92359,1,1
92360,1,1
92361,1,1
92362,1,1
92363,1,1
92364,1,1
92365,1,1
92366,1,1
92367,1,1
92368,1,1
92369,1,1
92370,1,1
92371,1,1
92372,1,1
92373,1,1
92374,1,1
92375,1,1
92376,1,1
92377,1,1
92378,1,1
92379,1,1
92380,1,1
92381,1,1
92382,1,1
92383,1,1
92384,1,1
92385,1,1
92386,1,1
92387,1,1
92388,1,1
92389,1,1
92390,1,1
92391,1,1
92392,1,1
92393,1,1
92394,1,1
92395,1,1
92396,1,1
92397,1,1
92398,1,1
92399,1,1
92400,1,1
92401,1,1
92402,1,1
92403,1,1
92404,1,1
92405,1,1
92406,1,1
92407,1,1
92408,1,1
92409,1,1
92410,1,1
92411,1,1
92412,1,1
92413,1,1
92414,1,1
92415,1,1
92416,1,1
92417,1,1
92418,1,1
92419,1,1
92420,1,1
92421,1,1
92422,1,1
92423,1,1
92424,1,1
92425,1,1
92426,1,1
92427,1,1
92428,1,1
92429,1,1
92430,1,1
92431,1,1
92432,1,1
92433,1,1
92434,1,1
92435,1,1
92436,1,1
92437,1,1
92438,1,1
92439,1,1
92440,1,1
92441,1,1
92442,1,1
92443,1,1
92444,1,1
92445,1,1
92446,1,1
92447,1,1
92448,1,1
92449,1,1
92450,1,1
92451,1,1
92452,1,1
92453,1,1
92454,1,1
92455,1,1
92456,1,1
92457,1,1
92458,1,1
92459,1,1
92460,1,1
92461,1,1
92462,1,1
92463,1,1
92464,1,1
92465,1,1
92466,1,1
92467,1,1
92468,1,1
92469,1,1
92470,1,1
92471,1,1
92472,1,1
92473,1,1
92474,1,1
92475,1,1
92476,1,1
92477,1,1
92478,1,1
92479,1,1
92480,1,1
92481,1,1
92482,1,1
92483,1,1
92484,1,1
92485,1,1
92486,1,1
92487,1,1
92488,1,1
92489,1,1
92490,1,1
92491,1,1
92492,1,1
92493,1,1
92494,1,1
92495,1,1
92496,1,1
92497,1,1
92498,1,1
92499,1,1
92500,1,1
92501,1,1
92502,1,1
92503,1,1
92504,1,1
92505,1,1
92506,1,1
92507,1,1
92508,1,1
92509,1,1
92510,1,1
92511,1,1
92512,1,1
92513,1,1
92514,1,1
92515,1,1
92516,1,1
92517,1,1
92518,1,1
92519,1,1
92520,1,1
92521,1,1
92522,1,1
92523,1,1
92524,1,1
92525,1,1
92526,1,1
92527,1,1
92528,1,1
92529,1,1
92530,1,1
92531,1,1
92532,1,1
92533,1,1
92534,1,1
92535,1,1
92536,1,1
92537,1,1
92538,1,1
92539,1,1
92540,1,1
92541,1,1
92542,1,1
92543,1,1
92544,1,1
92545,1,1
92546,1,1
92547,1,1
92548,1,1
92549,1,1
92550,1,1
92551,1,1
92552,1,1
92553,1,1
92554,1,1
92555,1,1
92556,1,1
92557,1,1
92558,1,1
92559,1,1
92560,1,1
92561,1,1
92562,1,1
92563,1,1
92564,1,1
92565,1,1
92566,1,1
92567,1,1
92568,1,1
92569,1,1
92570,1,1
92571,1,1
92572,1,1
92573,1,1
92574,1,1
92575,1,1
92576,1,1
92577,1,1
92578,1,1
92579,1,1
92580,1,1
92581,1,1
92582,1,1
92583,1,1
92584,1,1
92585,1,1
92586,1,1
92587,1,1
92588,1,1
92589,1,1
92590,1,1
92591,1,1
92592,1,1
92593,1,1
92594,1,1
92595,1,1
92596,1,1
92597,1,1
92598,1,1
92599,1,1
92600,1,1
92601,1,1
92602,1,1
92603,1,1
92604,1,1
92605,1,1
92606,1,1
92607,1,1
92608,1,1
92609,1,1
92610,1,1
92611,1,1
92612,1,1
92613,1,1
92614,1,1
92615,1,1
92616,1,1
92617,1,1
92618,1,1
92619,1,1
92620,1,1
92621,1,1
92622,1,1
92623,1,1
92624,1,1
92625,1,1
92626,1,1
92627,1,1
92628,1,1
92629,1,1
92630,1,1
92631,1,1
92632,1,1
92633,1,1
92634,1,1
92635,1,1
92636,1,1
92637,1,1
92638,1,1
92639,1,1
92640,1,1
92641,1,1
92642,1,1
92643,1,1
92644,1,1
92645,1,1
92646,1,1
92647,1,1
92648,1,1
92649,1,1
92650,1,1
92651,1,1
92652,1,1
92653,1,1
92654,1,1
92655,1,1
92656,1,1
92657,1,1
92658,1,1
92659,1,1
92660,1,1
92661,1,1
92662,1,1
92663,1,1
92664,1,1
92665,1,1
92666,1,1
92667,1,1
92668,1,1
92669,1,1
92670,1,1
92671,1,1
92672,1,1
92673,1,1
92674,1,1
92675,1,1
92676,1,1
92677,1,1
92678,1,1
92679,1,1
92680,1,1
92681,1,1
92682,1,1
92683,1,1
92684,1,1
92685,1,1
92686,1,1
92687,1,1
92688,1,1
92689,1,1
92690,1,1
92691,1,1
92692,1,1
92693,1,1
92694,1,1
92695,1,1
92696,1,1
92697,1,1
92698,1,1
92699,1,1
92700,1,1
92701,1,1
92702,1,1
92703,1,1
92704,1,1
92705,1,1
92706,1,1
92707,1,1
92708,1,1
92709,1,1
92710,1,1
92711,1,1
92712,1,1
92713,1,1
92714,1,1
92715,1,1
92716,1,1
92717,1,1
92718,1,1
92719,1,1
92720,1,1
92721,1,1
92722,1,1
92723,1,1
92724,1,1
92725,1,1
92726,1,1
92727,1,1
92728,1,1
92729,1,1
92730,1,1
92731,1,1
92732,1,1
92733,1,1
92734,1,1
92735,1,1
92736,1,1
92737,1,1
92738,1,1
92739,1,1
92740,1,1
92741,1,1
92742,1,1
92743,1,1
92744,1,1
92745,1,1
92746,1,1
92747,1,1
92748,1,1
92749,1,1
92750,1,1
92751,1,1
92752,1,1
92753,1,1
92754,1,1
92755,1,1
92756,1,1
92757,1,1
92758,1,1
92759,1,1
92760,1,1
92761,1,1
92762,1,1
92763,1,1
92764,1,1
92765,1,1
92766,1,1
92767,1,1
92768,1,1
92769,1,1
92770,1,1
92771,1,1
92772,1,1
92773,1,1
92774,1,1
92775,1,1
92776,1,1
92777,1,1
92778,1,1
92779,1,1
92780,1,1
92781,1,1
92782,1,1
92783,1,1
92784,1,1
92785,1,1
92786,1,1
92787,1,1
92788,1,1
92789,1,1
92790,1,1
92791,1,1
92792,1,1
92793,1,1
92794,1,1
92795,1,1
92796,1,1
92797,1,1
92798,1,1
92799,1,1
92800,1,1
92801,1,1
92802,1,1
92803,1,1
92804,1,1
92805,1,1
92806,1,1
92807,1,1
92808,1,1
92809,1,1
92810,1,1
92811,1,1
92812,1,1
92813,1,1
92814,1,1
92815,1,1
92816,1,1
92817,1,1
92818,1,1
92819,1,1
92820,1,1
92821,1,1
92822,1,1
92823,1,1
92824,1,1
92825,1,1
92826,1,1
92827,1,1
92828,1,1
92829,1,1
92830,1,1
92831,1,1
92832,1,1
92833,1,1
92834,1,1
92835,1,1
92836,1,1
92837,1,1
92838,1,1
92839,1,1
92840,1,1
92841,1,1
92842,1,1
92843,1,1
92844,1,1
92845,1,1
92846,1,1
92847,1,1
92848,1,1
92849,1,1
92850,1,1
92851,1,1
92852,1,1
92853,1,1
92854,1,1
92855,1,1
92856,1,1
92857,1,1
92858,1,1
92859,1,1
92860,1,1
92861,1,1
92862,1,1
92863,1,1
92864,1,1
92865,1,1
92866,1,1
92867,1,1
92868,1,1
92869,1,1
92870,1,1
92871,1,1
92872,1,1
92873,1,1
92874,1,1
92875,1,1
92876,1,1
92877,1,1
92878,1,1
92879,1,1
92880,1,1
92881,1,1
92882,1,1
92883,1,1
92884,1,1
92885,1,1
92886,1,1
92887,1,1
92888,1,1
92889,1,1
92890,1,1
92891,1,1
92892,1,1
92893,1,1
92894,1,1
92895,1,1
92896,1,1
92897,1,1
92898,1,1
92899,1,1
92900,1,1
92901,1,1
92902,1,1
92903,1,1
92904,1,1
92905,1,1
92906,1,1
92907,1,1
92908,1,1
92909,1,1
92910,1,1
92911,1,1
92912,1,1
92913,1,1
92914,1,1
92915,1,1
92916,1,1
92917,1,1
92918,1,1
92919,1,1
92920,1,1
92921,1,1
92922,1,1
92923,1,1
92924,1,1
92925,1,1
92926,1,1
92927,1,1
92928,1,1
92929,1,1
92930,1,1
92931,1,1
92932,1,1
92933,1,1
92934,1,1
92935,1,1
92936,1,1
92937,1,1
92938,1,1
92939,1,1
92940,1,1
92941,1,1
92942,1,1
92943,1,1
92944,1,1
92945,1,1
92946,1,1
92947,1,1
92948,1,1
92949,1,1
92950,1,1
92951,1,1
92952,1,1
92953,1,1
92954,1,1
92955,1,1
92956,1,1
92957,1,1
92958,1,1
92959,1,1
92960,1,1
92961,1,1
92962,1,1
92963,1,1
92964,1,1
92965,1,1
92966,1,1
92967,1,1
92968,1,1
92969,1,1
92970,1,1
92971,1,1
92972,1,1
92973,1,1
92974,1,1
92975,1,1
92976,1,1
92977,1,1
92978,1,1
92979,1,1
92980,1,1
92981,1,1
92982,1,1
92983,1,1
92984,1,1
92985,1,1
92986,1,1
92987,1,1
92988,1,1
92989,1,1
92990,1,1
92991,1,1
92992,1,1
92993,1,1
92994,1,1
92995,1,1
92996,1,1
92997,1,1
92998,1,1
92999,1,1
93000,1,1
93001,1,1
93002,1,1
93003,1,1
93004,1,1
93005,1,1
93006,1,1
93007,1,1
93008,1,1
93009,1,1
93010,1,1
93011,1,1
93012,1,1
93013,1,1
93014,1,1
93015,1,1
93016,1,1
93017,1,1
93018,1,1
93019,1,1
93020,1,1
93021,1,1
93022,1,1
93023,1,1
93024,1,1
93025,1,1
93026,1,1
93027,1,1
93028,1,1
93029,1,1
93030,1,1
93031,1,1
93032,1,1
93033,1,1
93034,1,1
93035,1,1
93036,1,1
93037,1,1
93038,1,1
93039,1,1
93040,1,1
93041,1,1
93042,1,1
93043,1,1
93044,1,1
93045,1,1
93046,1,1
93047,1,1
93048,1,1
93049,1,1
93050,1,1
93051,1,1
93052,1,1
93053,1,1
93054,1,1
93055,1,1
93056,1,1
93057,1,1
93058,1,1
93059,1,1
93060,1,1
93061,1,1
93062,1,1
93063,1,1
93064,1,1
93065,1,1
93066,1,1
93067,1,1
93068,1,1
93069,1,1
93070,1,1
93071,1,1
93072,1,1
93073,1,1
93074,1,1
93075,1,1
93076,1,1
93077,1,1
93078,1,1
93079,1,1
93080,1,1
93081,1,1
93082,1,1
93083,1,1
93084,1,1
93085,1,1
93086,1,1
93087,1,1
93088,1,1
93089,1,1
93090,1,1
93091,1,1
93092,1,1
93093,1,1
93094,1,1
93095,1,1
93096,1,1
93097,1,1
93098,1,1
93099,1,1
93100,1,1
93101,1,1
93102,1,1
93103,1,1
93104,1,1
93105,1,1
93106,1,1
93107,1,1
93108,1,1
93109,1,1
93110,1,1
93111,1,1
93112,1,1
93113,1,1
93114,1,1
93115,1,1
93116,1,1
93117,1,1
93118,1,1
93119,1,1
93120,1,1
93121,1,1
93122,1,1
93123,1,1
93124,1,1
93125,1,1
93126,1,1
93127,1,1
93128,1,1
93129,1,1
93130,1,1
93131,1,1
93132,1,1
93133,1,1
93134,1,1
93135,1,1
93136,1,1
93137,1,1
93138,1,1
93139,1,1
93140,1,1
93141,1,1
93142,1,1
93143,1,1
93144,1,1
93145,1,1
93146,1,1
93147,1,1
93148,1,1
93149,1,1
93150,1,1
93151,1,1
93152,1,1
93153,1,1
93154,1,1
93155,1,1
93156,1,1
93157,1,1
93158,1,1
93159,1,1
93160,1,1
93161,1,1
93162,1,1
93163,1,1
93164,1,1
93165,1,1
93166,1,1
93167,1,1
93168,1,1
93169,1,1
93170,1,1
93171,1,1
93172,1,1
93173,1,1
93174,1,1
93175,1,1
93176,1,1
93177,1,1
93178,1,1
93179,1,1
93180,1,1
93181,1,1
93182,1,1
93183,1,1
93184,1,1
93185,1,1
93186,1,1
93187,1,1
93188,1,1
93189,1,1
93190,1,1
93191,1,1
93192,1,1
93193,1,1
93194,1,1
93195,1,1
93196,1,1
93197,1,1
93198,1,1
93199,1,1
93200,1,1
93201,1,1
93202,1,1
93203,1,1
93204,1,1
93205,1,1
93206,1,1
93207,1,1
93208,1,1
93209,1,1
93210,1,1
93211,1,1
93212,1,1
93213,1,1
93214,1,1
93215,1,1
93216,1,1
93217,1,1
93218,1,1
93219,1,1
93220,1,1
93221,1,1
93222,1,1
93223,1,1
93224,1,1
93225,1,1
93226,1,1
93227,1,1
93228,1,1
93229,1,1
93230,1,1
93231,1,1
93232,1,1
93233,1,1
93234,1,1
93235,1,1
93236,1,1
93237,1,1
93238,1,1
93239,1,1
93240,1,1
93241,1,1
93242,1,1
93243,1,1
93244,1,1
93245,1,1
93246,1,1
93247,1,1
93248,1,1
93249,1,1
93250,1,1
93251,1,1
93252,1,1
93253,1,1
93254,1,1
93255,1,1
93256,1,1
93257,1,1
93258,1,1
93259,1,1
93260,1,1
93261,1,1
93262,1,1
93263,1,1
93264,1,1
93265,1,1
93266,1,1
93267,1,1
93268,1,1
93269,1,1
93270,1,1
93271,1,1
93272,1,1
93273,1,1
93274,1,1
93275,1,1
93276,1,1
93277,1,1
93278,1,1
93279,1,1
93280,1,1
93281,1,1
93282,1,1
93283,1,1
93284,1,1
93285,1,1
93286,1,1
93287,1,1
93288,1,1
93289,1,1
93290,1,1
93291,1,1
93292,1,1
93293,1,1
93294,1,1
93295,1,1
93296,1,1
93297,1,1
93298,1,1
93299,1,1
93300,1,1
93301,1,1
93302,1,1
93303,1,1
93304,1,1
93305,1,1
93306,1,1
93307,1,1
93308,1,1
93309,1,1
93310,1,1
93311,1,1
93312,1,1
93313,1,1
93314,1,1
93315,1,1
93316,1,1
93317,1,1
93318,1,1
93319,1,1
93320,1,1
93321,1,1
93322,1,1
93323,1,1
93324,1,1
93325,1,1
93326,1,1
93327,1,1
93328,1,1
93329,1,1
93330,1,1
93331,1,1
93332,1,1
93333,1,1
93334,1,1
93335,1,1
93336,1,1
93337,1,1
93338,1,1
93339,1,1
93340,1,1
93341,1,1
93342,1,1
93343,1,1
93344,1,1
93345,1,1
93346,1,1
93347,1,1
93348,1,1
93349,1,1
93350,1,1
93351,1,1
93352,1,1
93353,1,1
93354,1,1
93355,1,1
93356,1,1
93357,1,1
93358,1,1
93359,1,1
93360,1,1
93361,1,1
93362,1,1
93363,1,1
93364,1,1
93365,1,1
93366,1,1
93367,1,1
93368,1,1
93369,1,1
93370,1,1
93371,1,1
93372,1,1
93373,1,1
93374,1,1
93375,1,1
93376,1,1
93377,1,1
93378,1,1
93379,1,1
93380,1,1
93381,1,1
93382,1,1
93383,1,1
93384,1,1
93385,1,1
93386,1,1
93387,1,1
93388,1,1
93389,1,1
93390,1,1
93391,1,1
93392,1,1
93393,1,1
93394,1,1
93395,1,1
93396,1,1
93397,1,1
93398,1,1
93399,1,1
93400,1,1
93401,1,1
93402,1,1
93403,1,1
93404,1,1
93405,1,1
93406,1,1
93407,1,1
93408,1,1
93409,1,1
93410,1,1
93411,1,1
93412,1,1
93413,1,1
93414,1,1
93415,1,1
93416,1,1
93417,1,1
93418,1,1
93419,1,1
93420,1,1
93421,1,1
93422,1,1
93423,1,1
93424,1,1
93425,1,1
93426,1,1
93427,1,1
93428,1,1
93429,1,1
93430,1,1
93431,1,1
93432,1,1
93433,1,1
93434,1,1
93435,1,1
93436,1,1
93437,1,1
93438,1,1
93439,1,1
93440,1,1
93441,1,1
93442,1,1
93443,1,1
93444,1,1
93445,1,1
93446,1,1
93447,1,1
93448,1,1
93449,1,1
93450,1,1
93451,1,1
93452,1,1
93453,1,1
93454,1,1
93455,1,1
93456,1,1
93457,1,1
93458,1,1
93459,1,1
93460,1,1
93461,1,1
93462,1,1
93463,1,1
93464,1,1
93465,1,1
93466,1,1
93467,1,1
93468,1,1
93469,1,1
93470,1,1
93471,1,1
93472,1,1
93473,1,1
93474,1,1
93475,1,1
93476,1,1
93477,1,1
93478,1,1
93479,1,1
93480,1,1
93481,1,1
93482,1,1
93483,1,1
93484,1,1
93485,1,1
93486,1,1
93487,1,1
93488,1,1
93489,1,1
93490,1,1
93491,1,1
93492,1,1
93493,1,1
93494,1,1
93495,1,1
93496,1,1
93497,1,1
93498,1,1
93499,1,1
93500,1,1
93501,1,1
93502,1,1
93503,1,1
93504,1,1
93505,1,1
93506,1,1
93507,1,1
93508,1,1
93509,1,1
93510,1,1
93511,1,1
93512,1,1
93513,1,1
93514,1,1
93515,1,1
93516,1,1
93517,1,1
93518,1,1
93519,1,1
93520,1,1
93521,1,1
93522,1,1
93523,1,1
93524,1,1
93525,1,1
93526,1,1
93527,1,1
93528,1,1
93529,1,1
93530,1,1
93531,1,1
93532,1,1
93533,1,1
93534,1,1
93535,1,1
93536,1,1
93537,1,1
93538,1,1
93539,1,1
93540,1,1
93541,1,1
93542,1,1
93543,1,1
93544,1,1
93545,1,1
93546,1,1
93547,1,1
93548,1,1
93549,1,1
93550,1,1
93551,1,1
93552,1,1
93553,1,1
93554,1,1
93555,1,1
93556,1,1
93557,1,1
93558,1,1
93559,1,1
93560,1,1
93561,1,1
93562,1,1
93563,1,1
93564,1,1
93565,1,1
93566,1,1
93567,1,1
93568,1,1
93569,1,1
93570,1,1
93571,1,1
93572,1,1
93573,1,1
93574,1,1
93575,1,1
93576,1,1
93577,1,1
93578,1,1
93579,1,1
93580,1,1
93581,1,1
93582,1,1
93583,1,1
93584,1,1
93585,1,1
93586,1,1
93587,1,1
93588,1,1
93589,1,1
93590,1,1
93591,1,1
93592,1,1
93593,1,1
93594,1,1
93595,1,1
93596,1,1
93597,1,1
93598,1,1
93599,1,1
93600,1,1
93601,1,1
93602,1,1
93603,1,1
93604,1,1
93605,1,1
93606,1,1
93607,1,1
93608,1,1
93609,1,1
93610,1,1
93611,1,1
93612,1,1
93613,1,1
93614,1,1
93615,1,1
93616,1,1
93617,1,1
93618,1,1
93619,1,1
93620,1,1
93621,1,1
93622,1,1
93623,1,1
93624,1,1
93625,1,1
93626,1,1
93627,1,1
93628,1,1
93629,1,1
93630,1,1
93631,1,1
93632,1,1
93633,1,1
93634,1,1
93635,1,1
93636,1,1
93637,1,1
93638,1,1
93639,1,1
93640,1,1
93641,1,1
93642,1,1
93643,1,1
93644,1,1
93645,1,1
93646,1,1
93647,1,1
93648,1,1
93649,1,1
93650,1,1
93651,1,1
93652,1,1
93653,1,1
93654,1,1
93655,1,1
93656,1,1
93657,1,1
93658,1,1
93659,1,1
93660,1,1
93661,1,1
93662,1,1
93663,1,1
93664,1,1
93665,1,1
93666,1,1
93667,1,1
93668,1,1
93669,1,1
93670,1,1
93671,1,1
93672,1,1
93673,1,1
93674,1,1
93675,1,1
93676,1,1
93677,1,1
93678,1,1
93679,1,1
93680,1,1
93681,1,1
93682,1,1
93683,1,1
93684,1,1
93685,1,1
93686,1,1
93687,1,1
93688,1,1
93689,1,1
93690,1,1
93691,1,1
93692,1,1
93693,1,1
93694,1,1
93695,1,1
93696,1,1
93697,1,1
93698,1,1
93699,1,1
93700,1,1
93701,1,1
93702,1,1
93703,1,1
93704,1,1
93705,1,1
93706,1,1
93707,1,1
93708,1,1
93709,1,1
93710,1,1
93711,1,1
93712,1,1
93713,1,1
93714,1,1
93715,1,1
93716,1,1
93717,1,1
93718,1,1
93719,1,1
93720,1,1
93721,1,1
93722,1,1
93723,1,1
93724,1,1
93725,1,1
93726,1,1
93727,1,1
93728,1,1
93729,1,1
93730,1,1
93731,1,1
93732,1,1
93733,1,1
93734,1,1
93735,1,1
93736,1,1
93737,1,1
93738,1,1
93739,1,1
93740,1,1
93741,1,1
93742,1,1
93743,1,1
93744,1,1
93745,1,1
93746,1,1
93747,1,1
93748,1,1
93749,1,1
93750,1,1
93751,1,1
93752,1,1
93753,1,1
93754,1,1
93755,1,1
93756,1,1
93757,1,1
93758,1,1
93759,1,1
93760,1,1
93761,1,1
93762,1,1
93763,1,1
93764,1,1
93765,1,1
93766,1,1
93767,1,1
93768,1,1
93769,1,1
93770,1,1
93771,1,1
93772,1,1
93773,1,1
93774,1,1
93775,1,1
93776,1,1
93777,1,1
93778,1,1
93779,1,1
93780,1,1
93781,1,1
93782,1,1
93783,1,1
93784,1,1
93785,1,1
93786,1,1
93787,1,1
93788,1,1
93789,1,1
93790,1,1
93791,1,1
93792,1,1
93793,1,1
93794,1,1
93795,1,1
93796,1,1
93797,1,1
93798,1,1
93799,1,1
93800,1,1
93801,1,1
93802,1,1
93803,1,1
93804,1,1
93805,1,1
93806,1,1
93807,1,1
93808,1,1
93809,1,1
93810,1,1
93811,1,1
93812,1,1
93813,1,1
93814,1,1
93815,1,1
93816,1,1
93817,1,1
93818,1,1
93819,1,1
93820,1,1
93821,1,1
93822,1,1
93823,1,1
93824,1,1
93825,1,1
93826,1,1
93827,1,1
93828,1,1
93829,1,1
93830,1,1
93831,1,1
93832,1,1
93833,1,1
93834,1,1
93835,1,1
93836,1,1
93837,1,1
93838,1,1
93839,1,1
93840,1,1
93841,1,1
93842,1,1
93843,1,1
93844,1,1
93845,1,1
93846,1,1
93847,1,1
93848,1,1
93849,1,1
93850,1,1
93851,1,1
93852,1,1
93853,1,1
93854,1,1
93855,1,1
93856,1,1
93857,1,1
93858,1,1
93859,1,1
93860,1,1
93861,1,1
93862,1,1
93863,1,1
93864,1,1
93865,1,1
93866,1,1
93867,1,1
93868,1,1
93869,1,1
93870,1,1
93871,1,1
93872,1,1
93873,1,1
93874,1,1
93875,1,1
93876,1,1
93877,1,1
93878,1,1
93879,1,1
93880,1,1
93881,1,1
93882,1,1
93883,1,1
93884,1,1
93885,1,1
93886,1,1
93887,1,1
93888,1,1
93889,1,1
93890,1,1
93891,1,1
93892,1,1
93893,1,1
93894,1,1
93895,1,1
93896,1,1
93897,1,1
93898,1,1
93899,1,1
93900,1,1
93901,1,1
93902,1,1
93903,1,1
93904,1,1
93905,1,1
93906,1,1
93907,1,1
93908,1,1
93909,1,1
93910,1,1
93911,1,1
93912,1,1
93913,1,1
93914,1,1
93915,1,1
93916,1,1
93917,1,1
93918,1,1
93919,1,1
93920,1,1
93921,1,1
93922,1,1
93923,1,1
93924,1,1
93925,1,1
93926,1,1
93927,1,1
93928,1,1
93929,1,1
93930,1,1
93931,1,1
93932,1,1
93933,1,1
93934,1,1
93935,1,1
93936,1,1
93937,1,1
93938,1,1
93939,1,1
93940,1,1
93941,1,1
93942,1,1
93943,1,1
93944,1,1
93945,1,1
93946,1,1
93947,1,1
93948,1,1
93949,1,1
93950,1,1
93951,1,1
93952,1,1
93953,1,1
93954,1,1
93955,1,1
93956,1,1
93957,1,1
93958,1,1
93959,1,1
93960,1,1
93961,1,1
93962,1,1
93963,1,1
93964,1,1
93965,1,1
93966,1,1
93967,1,1
93968,1,1
93969,1,1
93970,1,1
93971,1,1
93972,1,1
93973,1,1
93974,1,1
93975,1,1
93976,1,1
93977,1,1
93978,1,1
93979,1,1
93980,1,1
93981,1,1
93982,1,1
93983,1,1
93984,1,1
93985,1,1
93986,1,1
93987,1,1
93988,1,1
93989,1,1
93990,1,1
93991,1,1
93992,1,1
93993,1,1
93994,1,1
93995,1,1
93996,1,1
93997,1,1
93998,1,1
93999,1,1
94000,1,1
94001,1,1
94002,1,1
94003,1,1
94004,1,1
94005,1,1
94006,1,1
94007,1,1
94008,1,1
94009,1,1
94010,1,1
94011,1,1
94012,1,1
94013,1,1
94014,1,1
94015,1,1
94016,1,1
94017,1,1
94018,1,1
94019,1,1
94020,1,1
94021,1,1
94022,1,1
94023,1,1
94024,1,1
94025,1,1
94026,1,1
94027,1,1
94028,1,1
94029,1,1
94030,1,1
94031,1,1
94032,1,1
94033,1,1
94034,1,1
94035,1,1
94036,1,1
94037,1,1
94038,1,1
94039,1,1
94040,1,1
94041,1,1
94042,1,1
94043,1,1
94044,1,1
94045,1,1
94046,1,1
94047,1,1
94048,1,1
94049,1,1
94050,1,1
94051,1,1
94052,1,1
94053,1,1
94054,1,1
94055,1,1
94056,1,1
94057,1,1
94058,1,1
94059,1,1
94060,1,1
94061,1,1
94062,1,1
94063,1,1
94064,1,1
94065,1,1
94066,1,1
94067,1,1
94068,1,1
94069,1,1
94070,1,1
94071,1,1
94072,1,1
94073,1,1
94074,1,1
94075,1,1
94076,1,1
94077,1,1
94078,1,1
94079,1,1
94080,1,1
94081,1,1
94082,1,1
94083,1,1
94084,1,1
94085,1,1
94086,1,1
94087,1,1
94088,1,1
94089,1,1
94090,1,1
94091,1,1
94092,1,1
94093,1,1
94094,1,1
94095,1,1
94096,1,1
94097,1,1
94098,1,1
94099,1,1
94100,1,1
94101,1,1
94102,1,1
94103,1,1
94104,1,1
94105,1,1
94106,1,1
94107,1,1
94108,1,1
94109,1,1
94110,1,1
94111,1,1
94112,1,1
94113,1,1
94114,1,1
94115,1,1
94116,1,1
94117,1,1
94118,1,1
94119,1,1
94120,1,1
94121,1,1
94122,1,1
94123,1,1
94124,1,1
94125,1,1
94126,1,1
94127,1,1
94128,1,1
94129,1,1
94130,1,1
94131,1,1
94132,1,1
94133,1,1
94134,1,1
94135,1,1
94136,1,1
94137,1,1
94138,1,1
94139,1,1
94140,1,1
94141,1,1
94142,1,1
94143,1,1
94144,1,1
94145,1,1
94146,1,1
94147,1,1
94148,1,1
94149,1,1
94150,1,1
94151,1,1
94152,1,1
94153,1,1
94154,1,1
94155,1,1
94156,1,1
94157,1,1
94158,1,1
94159,1,1
94160,1,1
94161,1,1
94162,1,1
94163,1,1
94164,1,1
94165,1,1
94166,1,1
94167,1,1
94168,1,1
94169,1,1
94170,1,1
94171,1,1
94172,1,1
94173,1,1
94174,1,1
94175,1,1
94176,1,1
94177,1,1
94178,1,1
94179,1,1
94180,1,1
94181,1,1
94182,1,1
94183,1,1
94184,1,1
94185,1,1
94186,1,1
94187,1,1
94188,1,1
94189,1,1
94190,1,1
94191,1,1
94192,1,1
94193,1,1
94194,1,1
94195,1,1
94196,1,1
94197,1,1
94198,1,1
94199,1,1
94200,1,1
94201,1,1
94202,1,1
94203,1,1
94204,1,1
94205,1,1
94206,1,1
94207,1,1
94208,1,1
94209,1,1
94210,1,1
94211,1,1
94212,1,1
94213,1,1
94214,1,1
94215,1,1
94216,1,1
94217,1,1
94218,1,1
94219,1,1
94220,1,1
94221,1,1
94222,1,1
94223,1,1
94224,1,1
94225,1,1
94226,1,1
94227,1,1
94228,1,1
94229,1,1
94230,1,1
94231,1,1
94232,1,1
94233,1,1
94234,1,1
94235,1,1
94236,1,1
94237,1,1
94238,1,1
94239,1,1
94240,1,1
94241,1,1
94242,1,1
94243,1,1
94244,1,1
94245,1,1
94246,1,1
94247,1,1
94248,1,1
94249,1,1
94250,1,1
94251,1,1
94252,1,1
94253,1,1
94254,1,1
94255,1,1
94256,1,1
94257,1,1
94258,1,1
94259,1,1
94260,1,1
94261,1,1
94262,1,1
94263,1,1
94264,1,1
94265,1,1
94266,1,1
94267,1,1
94268,1,1
94269,1,1
94270,1,1
94271,1,1
94272,1,1
94273,1,1
94274,1,1
94275,1,1
94276,1,1
94277,1,1
94278,1,1
94279,1,1
94280,1,1
94281,1,1
94282,1,1
94283,1,1
94284,1,1
94285,1,1
94286,1,1
94287,1,1
94288,1,1
94289,1,1
94290,1,1
94291,1,1
94292,1,1
94293,1,1
94294,1,1
94295,1,1
94296,1,1
94297,1,1
94298,1,1
94299,1,1
94300,1,1
94301,1,1
94302,1,1
94303,1,1
94304,1,1
94305,1,1
94306,1,1
94307,1,1
94308,1,1
94309,1,1
94310,1,1
94311,1,1
94312,1,1
94313,1,1
94314,1,1
94315,1,1
94316,1,1
94317,1,1
94318,1,1
94319,1,1
94320,1,1
94321,1,1
94322,1,1
94323,1,1
94324,1,1
94325,1,1
94326,1,1
94327,1,1
94328,1,1
94329,1,1
94330,1,1
94331,1,1
94332,1,1
94333,1,1
94334,1,1
94335,1,1
94336,1,1
94337,1,1
94338,1,1
94339,1,1
94340,1,1
94341,1,1
94342,1,1
94343,1,1
94344,1,1
94345,1,1
94346,1,1
94347,1,1
94348,1,1
94349,1,1
94350,1,1
94351,1,1
94352,1,1
94353,1,1
94354,1,1
94355,1,1
94356,1,1
94357,1,1
94358,1,1
94359,1,1
94360,1,1
94361,1,1
94362,1,1
94363,1,1
94364,1,1
94365,1,1
94366,1,1
94367,1,1
94368,1,1
94369,1,1
94370,1,1
94371,1,1
94372,1,1
94373,1,1
94374,1,1
94375,1,1
94376,1,1
94377,1,1
94378,1,1
94379,1,1
94380,1,1
94381,1,1
94382,1,1
94383,1,1
94384,1,1
94385,1,1
94386,1,1
94387,1,1
94388,1,1
94389,1,1
94390,1,1
94391,1,1
94392,1,1
94393,1,1
94394,1,1
94395,1,1
94396,1,1
94397,1,1
94398,1,1
94399,1,1
94400,1,1
94401,1,1
94402,1,1
94403,1,1
94404,1,1
94405,1,1
94406,1,1
94407,1,1
94408,1,1
94409,1,1
94410,1,1
94411,1,1
94412,1,1
94413,1,1
94414,1,1
94415,1,1
94416,1,1
94417,1,1
94418,1,1
94419,1,1
94420,1,1
94421,1,1
94422,1,1
94423,1,1
94424,1,1
94425,1,1
94426,1,1
94427,1,1
94428,1,1
94429,1,1
94430,1,1
94431,1,1
94432,1,1
94433,1,1
94434,1,1
94435,1,1
94436,1,1
94437,1,1
94438,1,1
94439,1,1
94440,1,1
94441,1,1
94442,1,1
94443,1,1
94444,1,1
94445,1,1
94446,1,1
94447,1,1
94448,1,1
94449,1,1
94450,1,1
94451,1,1
94452,1,1
94453,1,1
94454,1,1
94455,1,1
94456,1,1
94457,1,1
94458,1,1
94459,1,1
94460,1,1
94461,1,1
94462,1,1
94463,1,1
94464,1,1
94465,1,1
94466,1,1
94467,1,1
94468,1,1
94469,1,1
94470,1,1
94471,1,1
94472,1,1
94473,1,1
94474,1,1
94475,1,1
94476,1,1
94477,1,1
94478,1,1
94479,1,1
94480,1,1
94481,1,1
94482,1,1
94483,1,1
94484,1,1
94485,1,1
94486,1,1
94487,1,1
94488,1,1
94489,1,1
94490,1,1
94491,1,1
94492,1,1
94493,1,1
94494,1,1
94495,1,1
94496,1,1
94497,1,1
94498,1,1
94499,1,1
94500,1,1
94501,1,1
94502,1,1
94503,1,1
94504,1,1
94505,1,1
94506,1,1
94507,1,1
94508,1,1
94509,1,1
94510,1,1
94511,1,1
94512,1,1
94513,1,1
94514,1,1
94515,1,1
94516,1,1
94517,1,1
94518,1,1
94519,1,1
94520,1,1
94521,1,1
94522,1,1
94523,1,1
94524,1,1
94525,1,1
94526,1,1
94527,1,1
94528,1,1
94529,1,1
94530,1,1
94531,1,1
94532,1,1
94533,1,1
94534,1,1
94535,1,1
94536,1,1
94537,1,1
94538,1,1
94539,1,1
94540,1,1
94541,1,1
94542,1,1
94543,1,1
94544,1,1
94545,1,1
94546,1,1
94547,1,1
94548,1,1
94549,1,1
94550,1,1
94551,1,1
94552,1,1
94553,1,1
94554,1,1
94555,1,1
94556,1,1
94557,1,1
94558,1,1
94559,1,1
94560,1,1
94561,1,1
94562,1,1
94563,1,1
94564,1,1
94565,1,1
94566,1,1
94567,1,1
94568,1,1
94569,1,1
94570,1,1
94571,1,1
94572,1,1
94573,1,1
94574,1,1
94575,1,1
94576,1,1
94577,1,1
94578,1,1
94579,1,1
94580,1,1
94581,1,1
94582,1,1
94583,1,1
94584,1,1
94585,1,1
94586,1,1
94587,1,1
94588,1,1
94589,1,1
94590,1,1
94591,1,1
94592,1,1
94593,1,1
94594,1,1
94595,1,1
94596,1,1
94597,1,1
94598,1,1
94599,1,1
94600,1,1
94601,1,1
94602,1,1
94603,1,1
94604,1,1
94605,1,1
94606,1,1
94607,1,1
94608,1,1
94609,1,1
94610,1,1
94611,1,1
94612,1,1
94613,1,1
94614,1,1
94615,1,1
94616,1,1
94617,1,1
94618,1,1
94619,1,1
94620,1,1
94621,1,1
94622,1,1
94623,1,1
94624,1,1
94625,1,1
94626,1,1
94627,1,1
94628,1,1
94629,1,1
94630,1,1
94631,1,1
94632,1,1
94633,1,1
94634,1,1
94635,1,1
94636,1,1
94637,1,1
94638,1,1
94639,1,1
94640,1,1
94641,1,1
94642,1,1
94643,1,1
94644,1,1
94645,1,1
94646,1,1
94647,1,1
94648,1,1
94649,1,1
94650,1,1
94651,1,1
94652,1,1
94653,1,1
94654,1,1
94655,1,1
94656,1,1
94657,1,1
94658,1,1
94659,1,1
94660,1,1
94661,1,1
94662,1,1
94663,1,1
94664,1,1
94665,1,1
94666,1,1
94667,1,1
94668,1,1
94669,1,1
94670,1,1
94671,1,1
94672,1,1
94673,1,1
94674,1,1
94675,1,1
94676,1,1
94677,1,1
94678,1,1
94679,1,1
94680,1,1
94681,1,1
94682,1,1
94683,1,1
94684,1,1
94685,1,1
94686,1,1
94687,1,1
94688,1,1
94689,1,1
94690,1,1
94691,1,1
94692,1,1
94693,1,1
94694,1,1
94695,1,1
94696,1,1
94697,1,1
94698,1,1
94699,1,1
94700,1,1
94701,1,1
94702,1,1
94703,1,1
94704,1,1
94705,1,1
94706,1,1
94707,1,1
94708,1,1
94709,1,1
94710,1,1
94711,1,1
94712,1,1
94713,1,1
94714,1,1
94715,1,1
94716,1,1
94717,1,1
94718,1,1
94719,1,1
94720,1,1
94721,1,1
94722,1,1
94723,1,1
94724,1,1
94725,1,1
94726,1,1
94727,1,1
94728,1,1
94729,1,1
94730,1,1
94731,1,1
94732,1,1
94733,1,1
94734,1,1
94735,1,1
94736,1,1
94737,1,1
94738,1,1
94739,1,1
94740,1,1
94741,1,1
94742,1,1
94743,1,1
94744,1,1
94745,1,1
94746,1,1
94747,1,1
94748,1,1
94749,1,1
94750,1,1
94751,1,1
94752,1,1
94753,1,1
94754,1,1
94755,1,1
94756,1,1
94757,1,1
94758,1,1
94759,1,1
94760,1,1
94761,1,1
94762,1,1
94763,1,1
94764,1,1
94765,1,1
94766,1,1
94767,1,1
94768,1,1
94769,1,1
94770,1,1
94771,1,1
94772,1,1
94773,1,1
94774,1,1
94775,1,1
94776,1,1
94777,1,1
94778,1,1
94779,1,1
94780,1,1
94781,1,1
94782,1,1
94783,1,1
94784,1,1
94785,1,1
94786,1,1
94787,1,1
94788,1,1
94789,1,1
94790,1,1
94791,1,1
94792,1,1
94793,1,1
94794,1,1
94795,1,1
94796,1,1
94797,1,1
94798,1,1
94799,1,1
94800,1,1
94801,1,1
94802,1,1
94803,1,1
94804,1,1
94805,1,1
94806,1,1
94807,1,1
94808,1,1
94809,1,1
94810,1,1
94811,1,1
94812,1,1
94813,1,1
94814,1,1
94815,1,1
94816,1,1
94817,1,1
94818,1,1
94819,1,1
94820,1,1
94821,1,1
94822,1,1
94823,1,1
94824,1,1
94825,1,1
94826,1,1
94827,1,1
94828,1,1
94829,1,1
94830,1,1
94831,1,1
94832,1,1
94833,1,1
94834,1,1
94835,1,1
94836,1,1
94837,1,1
94838,1,1
94839,1,1
94840,1,1
94841,1,1
94842,1,1
94843,1,1
94844,1,1
94845,1,1
94846,1,1
94847,1,1
94848,1,1
94849,1,1
94850,1,1
94851,1,1
94852,1,1
94853,1,1
94854,1,1
94855,1,1
94856,1,1
94857,1,1
94858,1,1
94859,1,1
94860,1,1
94861,1,1
94862,1,1
94863,1,1
94864,1,1
94865,1,1
94866,1,1
94867,1,1
94868,1,1
94869,1,1
94870,1,1
94871,1,1
94872,1,1
94873,1,1
94874,1,1
94875,1,1
94876,1,1
94877,1,1
94878,1,1
94879,1,1
94880,1,1
94881,1,1
94882,1,1
94883,1,1
94884,1,1
94885,1,1
94886,1,1
94887,1,1
94888,1,1
94889,1,1
94890,1,1
94891,1,1
94892,1,1
94893,1,1
94894,1,1
94895,1,1
94896,1,1
94897,1,1
94898,1,1
94899,1,1
94900,1,1
94901,1,1
94902,1,1
94903,1,1
94904,1,1
94905,1,1
94906,1,1
94907,1,1
94908,1,1
94909,1,1
94910,1,1
94911,1,1
94912,1,1
94913,1,1
94914,1,1
94915,1,1
94916,1,1
94917,1,1
94918,1,1
94919,1,1
94920,1,1
94921,1,1
94922,1,1
94923,1,1
94924,1,1
94925,1,1
94926,1,1
94927,1,1
94928,1,1
94929,1,1
94930,1,1
94931,1,1
94932,1,1
94933,1,1
94934,1,1
94935,1,1
94936,1,1
94937,1,1
94938,1,1
94939,1,1
94940,1,1
94941,1,1
94942,1,1
94943,1,1
94944,1,1
94945,1,1
94946,1,1
94947,1,1
94948,1,1
94949,1,1
94950,1,1
94951,1,1
94952,1,1
94953,1,1
94954,1,1
94955,1,1
94956,1,1
94957,1,1
94958,1,1
94959,1,1
94960,1,1
94961,1,1
94962,1,1
94963,1,1
94964,1,1
94965,1,1
94966,1,1
94967,1,1
94968,1,1
94969,1,1
94970,1,1
94971,1,1
94972,1,1
94973,1,1
94974,1,1
94975,1,1
94976,1,1
94977,1,1
94978,1,1
94979,1,1
94980,1,1
94981,1,1
94982,1,1
94983,1,1
94984,1,1
94985,1,1
94986,1,1
94987,1,1
94988,1,1
94989,1,1
94990,1,1
94991,1,1
94992,1,1
94993,1,1
94994,1,1
94995,1,1
94996,1,1
94997,1,1
94998,1,1
94999,1,1
95000,1,1
95001,1,1
95002,1,1
95003,1,1
95004,1,1
95005,1,1
95006,1,1
95007,1,1
95008,1,1
95009,1,1
95010,1,1
95011,1,1
95012,1,1
95013,1,1
95014,1,1
95015,1,1
95016,1,1
95017,1,1
95018,1,1
95019,1,1
95020,1,1
95021,1,1
95022,1,1
95023,1,1
95024,1,1
95025,1,1
95026,1,1
95027,1,1
95028,1,1
95029,1,1
95030,1,1
95031,1,1
95032,1,1
95033,1,1
95034,1,1
95035,1,1
95036,1,1
95037,1,1
95038,1,1
95039,1,1
95040,1,1
95041,1,1
95042,1,1
95043,1,1
95044,1,1
95045,1,1
95046,1,1
95047,1,1
95048,1,1
95049,1,1
95050,1,1
95051,1,1
95052,1,1
95053,1,1
95054,1,1
95055,1,1
95056,1,1
95057,1,1
95058,1,1
95059,1,1
95060,1,1
95061,1,1
95062,1,1
95063,1,1
95064,1,1
95065,1,1
95066,1,1
95067,1,1
95068,1,1
95069,1,1
95070,1,1
95071,1,1
95072,1,1
95073,1,1
95074,1,1
95075,1,1
95076,1,1
95077,1,1
95078,1,1
95079,1,1
95080,1,1
95081,1,1
95082,1,1
95083,1,1
95084,1,1
95085,1,1
95086,1,1
95087,1,1
95088,1,1
95089,1,1
95090,1,1
95091,1,1
95092,1,1
95093,1,1
95094,1,1
95095,1,1
95096,1,1
95097,1,1
95098,1,1
95099,1,1
95100,1,1
95101,1,1
95102,1,1
95103,1,1
95104,1,1
95105,1,1
95106,1,1
95107,1,1
95108,1,1
95109,1,1
95110,1,1
95111,1,1
95112,1,1
95113,1,1
95114,1,1
95115,1,1
95116,1,1
95117,1,1
95118,1,1
95119,1,1
95120,1,1
95121,1,1
95122,1,1
95123,1,1
95124,1,1
95125,1,1
95126,1,1
95127,1,1
95128,1,1
95129,1,1
95130,1,1
95131,1,1
95132,1,1
95133,1,1
95134,1,1
95135,1,1
95136,1,1
95137,1,1
95138,1,1
95139,1,1
95140,1,1
95141,1,1
95142,1,1
95143,1,1
95144,1,1
95145,1,1
95146,1,1
95147,1,1
95148,1,1
95149,1,1
95150,1,1
95151,1,1
95152,1,1
95153,1,1
95154,1,1
95155,1,1
95156,1,1
95157,1,1
95158,1,1
95159,1,1
95160,1,1
95161,1,1
95162,1,1
95163,1,1
95164,1,1
95165,1,1
95166,1,1
95167,1,1
95168,1,1
95169,1,1
95170,1,1
95171,1,1
95172,1,1
95173,1,1
95174,1,1
95175,1,1
95176,1,1
95177,1,1
95178,1,1
95179,1,1
95180,1,1
95181,1,1
95182,1,1
95183,1,1
95184,1,1
95185,1,1
95186,1,1
95187,1,1
95188,1,1
95189,1,1
95190,1,1
95191,1,1
95192,1,1
95193,1,1
95194,1,1
95195,1,1
95196,1,1
95197,1,1
95198,1,1
95199,1,1
95200,1,1
95201,1,1
95202,1,1
95203,1,1
95204,1,1
95205,1,1
95206,1,1
95207,1,1
95208,1,1
95209,1,1
95210,1,1
95211,1,1
95212,1,1
95213,1,1
95214,1,1
95215,1,1
95216,1,1
95217,1,1
95218,1,1
95219,1,1
95220,1,1
95221,1,1
95222,1,1
95223,1,1
95224,1,1
95225,1,1
95226,1,1
95227,1,1
95228,1,1
95229,1,1
95230,1,1
95231,1,1
95232,1,1
95233,1,1
95234,1,1
95235,1,1
95236,1,1
95237,1,1
95238,1,1
95239,1,1
95240,1,1
95241,1,1
95242,1,1
95243,1,1
95244,1,1
95245,1,1
95246,1,1
95247,1,1
95248,1,1
95249,1,1
95250,1,1
95251,1,1
95252,1,1
95253,1,1
95254,1,1
95255,1,1
95256,1,1
95257,1,1
95258,1,1
95259,1,1
95260,1,1
95261,1,1
95262,1,1
95263,1,1
95264,1,1
95265,1,1
95266,1,1
95267,1,1
95268,1,1
95269,1,1
95270,1,1
95271,1,1
95272,1,1
95273,1,1
95274,1,1
95275,1,1
95276,1,1
95277,1,1
95278,1,1
95279,1,1
95280,1,1
95281,1,1
95282,1,1
95283,1,1
95284,1,1
95285,1,1
95286,1,1
95287,1,1
95288,1,1
95289,1,1
95290,1,1
95291,1,1
95292,1,1
95293,1,1
95294,1,1
95295,1,1
95296,1,1
95297,1,1
95298,1,1
95299,1,1
95300,1,1
95301,1,1
95302,1,1
95303,1,1
95304,1,1
95305,1,1
95306,1,1
95307,1,1
95308,1,1
95309,1,1
95310,1,1
95311,1,1
95312,1,1
95313,1,1
95314,1,1
95315,1,1
95316,1,1
95317,1,1
95318,1,1
95319,1,1
95320,1,1
95321,1,1
95322,1,1
95323,1,1
95324,1,1
95325,1,1
95326,1,1
95327,1,1
95328,1,1
95329,1,1
95330,1,1
95331,1,1
95332,1,1
95333,1,1
95334,1,1
95335,1,1
95336,1,1
95337,1,1
95338,1,1
95339,1,1
95340,1,1
95341,1,1
95342,1,1
95343,1,1
95344,1,1
95345,1,1
95346,1,1
95347,1,1
95348,1,1
95349,1,1
95350,1,1
95351,1,1
95352,1,1
95353,1,1
